Sentence,Label
"Obstetrics and gynecology (OB/GYN) is the medical field focusing on women's health, including reproductive health, pregnancy, and childbirth.","Definition"
"Obstetrics deals primarily with pregnancy, childbirth, and the postpartum period, while gynecology focuses on the health of the female reproductive system.","Clarification"
"OB/GYNs manage a variety of conditions, such as menstrual disorders, fertility issues, menopause, and sexually transmitted infections.","Explanation"
"Pregnancy care includes routine checkups, ultrasounds, and screenings to monitor both the mother's and baby's health.","Explanation"
"Labor and delivery are central aspects of obstetrics, where OB/GYNs assist women through childbirth, whether it's vaginal or cesarean delivery.","Explanation"
"Prenatal care is essential in ensuring a healthy pregnancy, providing guidance on nutrition, exercise, and managing conditions like gestational diabetes.","Purpose"
"Postpartum care focuses on the mother's physical and emotional recovery after childbirth, addressing issues like breastfeeding and postpartum depression.","Explanation"
"Gynecological exams, including Pap smears and pelvic exams, are performed to detect abnormalities in the reproductive organs and screen for cancer.","Clarification"
"Contraception is a key aspect of gynecology, helping women plan their families and prevent unintended pregnancies.","Purpose"
"Gynecologists also address menopause-related issues, including hormone replacement therapy (HRT) to manage symptoms like hot flashes and vaginal dryness.","Explanation"
"Fertility treatments, such as in vitro fertilization (IVF), are provided for women experiencing difficulty conceiving.","Explanation"
"Infections like urinary tract infections (UTIs) or pelvic inflammatory disease (PID) are commonly treated in OB/GYN practices.","Clarification"
"Gynecologic cancers, including cervical, ovarian, and uterine cancers, are diagnosed and treated by OB/GYNs using a combination of surgery, radiation, and chemotherapy.","Explanation"
"Women’s health involves a multidisciplinary approach, with OB/GYNs working alongside other healthcare providers, including endocrinologists and nutritionists.","Collaboration"
"Obstetricians and gynecologists provide family planning counseling, guiding women on the best contraceptive methods for their needs.","Purpose"
"High-risk pregnancies, such as those involving multiple gestations or pre-existing health conditions, require specialized care to ensure the safety of both mother and child.","Explanation"
"During labor, OB/GYNs manage complications such as fetal distress, breech presentations, or prolonged labor to ensure a safe delivery.","Purpose"
"Preventive care in obstetrics and gynecology includes screenings for breast cancer, cervical cancer, and sexually transmitted infections (STIs).","Explanation"
"OB/GYNs support women's emotional well-being during pregnancy and childbirth, helping with anxiety, fear, and planning for the baby's arrival.","Purpose"
"In contrast to gynecology, obstetrics focuses specifically on pregnancy, childbirth, and the immediate post-delivery period.","Contrast"
"In summary, obstetrics and gynecology is a vital field of medicine dedicated to women's reproductive health and childbirth, ensuring healthy pregnancies and overall well-being.","Summary"
